pitchPhi1 = 0.0001932745
pitchPhi2 = 0.0001718368
stereoAngle = 0.02
rmin = 384.5
r1 = 403.518
r2 = 427.516
r3 = 456.510
rmax = 488.422
rCentre = 438.614
Fx = 8.77169519303
Fy = -438.526280124052050
